56
198 4
67461 85926 72862 43277 
13 2
27540 35977 
233 75
89884 63762 15738 83721 48463 94158 62034 95929 61684 12612 18159 38056 10642 44501 88769 47390 18886 84936 24361 28283 26943 76529 54594 49723 34989 82027 71385 73002 23855 88461 60486 77384 95770 29566 56514 26491 84370 72359 52542 48126 69606 16149 6552 45297 13953 50994 20353 68014 49919 98639 58815 19845 25262 14044 61363 80620 75648 28073 39377 22883 6489 72800 82651 83716 17990 58864 67783 7574 65203 41182 96984 53928 67116 1602 72822 
2 42
14231 20070 21110 31577 7988 46105 73076 4967 28336 75008 9816 15822 18731 59076 80121 33458 28678 80013 40238 94929 94927 32282 15378 25309 990 57618 91892 22850 61729 81648 64189 63065 56751 3694 4797 92753 37448 29076 18725 20417 94531 47713 
341 125
25253 92745 56784 19692 1748 5364 14633 14780 9595 95907 44119 6067 7179 22436 66431 12380 86685 63895 8588 84171 40966 84023 65482 28734 28840 7386 74611 74441 44689 24792 80379 21145 75715 34033 51393 14836 46889 5833 29940 48060 14686 23903 45129 98711 92431 10858 47458 4105 91236 61612 84051 27539 53654 26655 2310 58013 51085 17687 75772 78635 89563 23600 3737 21654 78504 35543 43382 49126 68165 99303 67848 19563 43371 78848 84457 63250 61447 19750 23306 71308 38255 68469 37249 3639 36129 96614 72513 41301 12710 21177 79023 65594 53996 31210 73279 86710 48722 43737 30553 61071 43070 7692 44657 67863 25010 16991 45193 37193 29000 20099 90078 60032 12091 28003 49397 87751 7337 20347 48171 85489 21734 51588 22573 5531 22584 
221 21
47015 66391 18439 30788 2939 63931 69314 62039 58210 96568 9653 59295 42072 7527 55582 4511 71305 8930 44632 95958 68448 
175 56
96635 10004 19425 41828 51905 65549 11709 34766 79573 43305 431 43057 92362 39666 8845 18577 57357 86775 49541 11468 43727 66255 58687 12889 76551 38241 16923 77811 11212 86176 88585 20404 33869 932 57222 93814 28876 38096 80449 15706 11960 15915 10659 56136 42231 49955 73945 72949 30984 95323 63789 96370 19595 95536 27270 20570 
49 30
30959 31203 98830 46198 6779 27350 89592 26840 76864 50481 85206 73953 93232 89548 31512 75692 4463 13650 41777 79600 9618 89403 51487 65489 5839 48584 64456 27227 75200 57247 
566 270
37223 12567 13588 71595 38833 53685 89461 26796 78842 62935 82565 86022 62033 75134 83077 55272 53337 61947 30456 70821 67466 52544 44570 30784 54256 70501 25196 24002 34484 93751 89825 38343 912 43804 81209 44497 57183 13716 45995 59066 91343 76704 16165 34835 73131 24154 52841 39586 80431 42859 78644 64974 48137 31570 19485 51660 48112 71764 49591 37463 81981 45383 80289 75673 93532 12161 99039 70079 55025 75113 50364 14046 8829 94733 17664 64084 28807 85408 12082 10914 8392 62017 11568 80697 41416 97495 45976 70364 83262 83308 58455 97940 34962 5854 23224 14459 34779 12157 43760 84832 27138 33170 13037 74626 32918 49086 17678 49209 25775 68975 67835 55965 67933 46658 41275 58922 65566 41392 79809 79347 63239 48711 60690 87725 967 4269 21511 21166 14613 44515 94034 14435 80915 7294 79072 55955 86903 32065 13036 86104 23102 89359 68212 70584 58 43912 85866 71482 42756 67760 10252 10603 2696 35763 59085 40963 10795 61622 32884 60113 904 79723 51309 3721 17162 17155 36530 14134 89540 4596 26337 98614 75390 92906 23438 90698 79782 74904 31833 99075 38845 88308 56063 92224 76846 68134 94815 86373 29173 31234 79702 79350 38700 7865 17797 84436 47370 64462 67314 39313 71949 83153 24020 32469 85576 64831 87115 76602 53615 84881 89339 82463 6201 11029 77085 6814 13058 33046 10859 53186 54034 71953 36108 89054 91797 1340 66836 86163 52612 71632 88139 14515 15174 4776 57091 1450 52344 31871 18260 83768 81532 98228 38264 26692 78805 4985 74061 16318 17376 94965 23414 89095 17968 2562 93334 90315 37734 29537 93222 62445 39523 72086 35619 65214 55920 16914 74083 53576 61347 14401 
316 218
38150 19578 6539 11938 16497 54607 37184 87682 52935 2137 18096 29640 99688 81348 70737 47075 26310 96259 4066 91004 66072 50413 93231 52317 38603 73265 93756 75078 48626 54001 76573 88947 73761 40782 27335 24752 83034 71260 37133 13219 56026 59112 38922 84200 94703 94497 50445 96728 65990 55874 72445 41902 5903 68092 79996 11376 12078 17371 52354 13679 58413 51259 36348 51018 40476 23895 43744 3179 98893 54039 79323 89781 74885 74530 75062 12678 21900 65157 81105 28442 76779 2659 89386 48810 60397 10299 84170 90317 72022 71680 79359 16725 11698 3612 74448 61658 2640 80578 59102 32462 94063 88578 1591 77214 87306 31953 68083 66694 49629 19065 28111 64358 9794 45114 20740 37633 1333 39973 45424 56828 61631 89330 81878 18495 49042 55014 26255 55024 20489 21621 11097 9030 92513 57317 92734 72918 47273 93847 33313 94774 71985 91318 30606 28034 41591 76044 84755 34360 20218 43944 3889 4095 87109 96874 34616 76449 32457 19235 94807 8446 47767 55689 98292 20767 88757 52101 32913 44721 15368 64904 66571 55032 7152 83915 32506 77494 77059 47637 27590 48515 62644 21251 40043 71317 48088 32542 26226 1910 68985 46041 77505 65175 85097 45738 9600 55697 38193 29628 71013 53297 7726 45887 86660 42129 33556 13769 77078 95325 56351 26928 77926 44132 70723 8676 80375 1853 49335 14244 
31 280
43896 78880 15108 94972 60450 12338 28241 57461 4283 20095 68992 93158 57146 77824 95144 23144 32645 98858 39668 89412 64744 4848 80979 37725 24743 29921 80432 53596 76474 99912 91281 20378 61919 34411 88733 1973 84387 32206 64648 77822 41733 15387 71139 17689 30970 3073 20213 73230 3927 70748 61433 2072 30112 24739 78132 57844 66966 5465 16208 91039 97151 4819 68293 75222 13387 74420 83448 67412 24234 41167 16616 13326 57437 92055 66834 42871 67827 19061 72377 93383 13125 91629 93273 93830 39269 840 67201 7206 76962 63397 64453 14176 4564 54291 96981 37846 98968 64861 45720 32030 61564 16785 45857 4092 44094 94723 37859 73290 8104 5300 98364 70468 98359 12832 72543 21781 68559 79141 60550 32304 65316 40671 23038 97170 50976 23736 77412 20828 12333 63357 37972 18279 18008 62714 23624 51582 56782 15462 59371 12646 38425 3389 55534 89622 35723 70837 93981 23245 61324 58445 30060 69835 75142 5077 66307 78075 62218 35186 96134 84882 14914 9258 12968 81539 38719 77231 20673 53494 9216 27642 95392 98548 44810 74050 29152 92450 24381 52436 28585 7410 51788 6993 75624 48871 66204 49970 28842 79949 36995 30174 2993 96574 2841 14929 45368 85263 11716 91671 41605 62738 67839 12457 50247 5115 9712 97463 14938 9291 54769 71698 22150 35468 59084 54494 88653 64281 61432 55306 72407 30081 65932 38881 9916 88695 83916 27096 80747 46196 69703 667 86083 76059 36745 66236 64162 23347 76002 16212 48614 90333 36762 19875 22459 11884 68764 99194 81649 57379 1673 98493 83268 98443 86881 99349 25149 9338 58127 17427 51736 49181 66133 8279 65967 12027 45582 90116 96263 60629 63499 6819 66865 33381 76004 26400 33008 45106 98496 61237 54174 35343 
409 309
30535 45247 39753 73254 22768 61189 40129 84879 85908 430 88644 28384 10958 99513 6710 56983 55166 90997 47527 52658 38807 53958 17062 94911 91818 71584 45676 12257 57217 89489 98740 74057 54452 56212 47187 91079 92558 2829 62941 29017 33532 23010 53489 76095 3429 21187 24545 51964 87266 24087 78587 62334 55574 8789 72765 41285 42773 9791 9512 81585 55493 39991 29695 49363 75408 71220 13429 71675 14043 9228 79479 37700 54634 34353 69202 33860 14052 37566 30239 57367 82649 45793 72293 74988 39022 91139 18381 61561 2883 20668 88463 81533 84978 59498 69730 32930 24564 89061 15187 56527 24066 35582 64966 63318 43082 48054 28504 66652 67752 45372 33430 86152 4045 86700 89188 50063 7995 51178 49121 91208 71038 84829 42112 25769 81702 55244 78387 61069 92744 13684 6955 12812 68954 88829 56547 41722 16131 93442 71982 34038 69565 9930 78715 20044 82997 12477 93088 2162 1468 90512 3512 7653 39801 41181 79839 32844 91062 99931 94696 10597 97691 36305 68300 2004 24224 61959 58202 30851 81176 50335 73984 6958 67726 89275 34274 81651 99017 56032 92444 36851 26107 10185 86559 26441 429 42743 15307 17233 87441 20427 79881 7479 29740 79335 34036 81244 41014 32963 1692 77585 51334 95121 52795 31796 42760 4655 16721 61932 81784 77454 10017 47780 17445 13024 3947 34597 8865 12588 79484 22221 67787 78068 5187 46700 88812 24022 23417 88533 77904 19472 32167 61656 95446 1774 4416 39598 46186 26446 26615 43716 69100 72750 97261 69833 21758 44114 61181 57837 55948 70989 40826 88837 51444 18778 1095 77138 50308 16322 36917 12086 44857 74784 14823 56123 83802 8572 17338 77559 81744 58197 32474 82423 60357 74574 4372 92779 70347 51050 42046 96458 72795 74465 24316 69238 16011 15512 21891 19263 69052 98713 26953 67804 21152 82029 65002 14107 81949 73687 11681 64573 53861 87963 67714 6914 59640 66371 41545 51925 28988 
70 7
51218 46955 64693 39147 59038 69450 12609 
766 214
29885 41210 54843 9565 43813 29296 2351 41945 39452 25748 11504 64219 96228 77966 84390 1386 76055 64731 86502 81828 62725 59852 44778 72437 99662 29791 61680 99082 92093 97704 45623 49593 5669 68741 42794 24788 42517 13275 47250 75811 36565 99534 11485 66599 99473 5684 41547 32477 82842 69004 67325 12929 54917 6543 86819 17645 17996 24278 13700 62321 87394 26969 13631 13053 79661 95125 94891 52328 1328 41821 48697 51895 80897 63549 32877 88799 39354 93740 81673 32596 11403 39323 68029 2043 90301 99138 77390 92112 94727 83482 27031 86128 95298 33588 85942 73399 112 67582 82714 77959 6262 97029 12525 73137 11519 81631 16647 4500 7518 38663 64463 55102 97777 66494 42392 79581 98970 47890 47594 13423 13909 66777 8546 91152 13516 66467 93067 82935 30359 49625 18024 412 64562 16429 16532 54965 43852 41987 66293 78242 31124 55518 73890 35551 5817 87919 80068 28107 55886 56880 40992 71879 97422 31126 51723 74290 56756 35111 79972 27496 67884 73631 91210 77291 42817 67043 88523 27297 49738 61054 5005 81663 17954 79310 43542 77010 67173 60519 79952 1451 86167 44140 63679 79512 45221 86303 91985 61699 27604 74392 80999 38707 89028 20730 85601 49083 85118 30976 16015 63677 79392 20685 53023 13442 13161 58670 87947 88128 80174 50382 44060 54559 2949 10455 
666 278
5929 62654 13453 27029 28294 36176 95215 1505 10816 33312 51022 11998 15194 33290 16589 31380 34856 7397 91398 43286 44595 93074 21266 3742 83230 54242 81808 51674 87469 74017 67533 76481 78325 96111 70618 61691 17109 64897 28414 96715 1988 99124 28412 89667 77398 90976 89073 36981 38941 89514 65332 69208 11228 66666 32663 31455 4720 65512 55465 13519 36625 57650 5184 39342 20503 55546 68343 46797 95354 40485 79586 78735 99441 11044 30108 69398 43299 34662 51046 86277 48243 97430 2799 99848 22382 8056 19884 23132 61593 28502 50705 89444 73202 38042 48753 85676 80489 92478 74884 420 67995 10524 64757 99798 64820 4660 95821 13990 34244 25340 66507 10894 48278 23253 27877 49626 70342 36957 44767 98679 93913 1306 47362 3029 98949 54472 33390 34081 74203 26395 428 21536 45868 99193 49356 9624 55299 76713 1430 47870 2399 83271 26046 60463 30170 15425 38852 2270 15700 74317 16365 65697 21509 29993 41481 33194 91713 84227 81181 45513 56274 9821 56441 566 55176 29839 26354 72234 89113 31964 59362 56261 24137 84569 25191 33944 10263 83712 12154 28998 49791 55181 37753 20799 87545 3674 4836 13940 47120 51363 86812 37782 41093 60957 52916 47156 44267 76804 93845 821 32399 81780 60787 91115 222 77019 60544 29682 84759 4289 55476 47966 41051 21571 28317 72718 7817 52227 79500 82610 24687 96122 31393 71850 27639 84131 65509 33809 50810 18114 95340 75037 62021 60611 49512 16437 89634 31521 4915 88284 66169 53738 1053 31756 87288 64087 8753 35087 19510 8302 84128 57976 8756 37840 73016 99150 29113 99819 29845 88539 37997 70417 53765 18089 99663 28978 95404 37795 39033 61522 88510 80760 41239 69811 24655 13565 63147 5977 
388 272
29655 94086 48415 85862 3410 38755 68297 76479 21260 82308 95111 66801 48976 3057 44257 59402 45807 60317 94279 20080 38341 45604 91344 51126 49290 33624 81840 22204 49704 26517 36822 2986 10139 51364 48527 35901 21680 35758 4951 75274 65834 93179 42326 41931 21869 15590 21060 55202 31107 24199 8727 2252 88705 42703 44619 13000 41164 63183 62365 91141 7426 40030 37590 63664 9414 91876 86879 35881 83806 84480 65552 61884 15906 69939 82355 93525 41018 85815 33373 95677 63378 74869 98074 40993 45592 44631 97674 19050 18280 1617 37198 10052 73503 64354 83751 92972 35610 26287 69191 49918 89319 20400 23689 68493 60944 90202 30261 22496 97694 40765 71887 18555 92077 51285 49999 75803 11725 77971 93738 51548 54576 22571 85201 76667 30475 52882 9343 18975 77055 13316 8994 67259 61861 6821 54665 66240 23175 83403 83641 27497 90306 17276 89509 45795 31535 80724 98907 11178 59080 58576 64794 92580 44144 42060 66395 51378 69348 58380 839 35810 13239 92285 83191 16788 70849 33375 74327 66687 24551 32190 59071 27465 35032 86579 86404 58501 45640 44168 40742 67247 7493 59059 8681 30843 37529 43308 87197 95936 59710 79939 13438 5105 75232 81831 63732 8844 82515 19113 68315 59185 23536 2761 17242 21556 71832 41842 98284 52557 35890 51781 64677 36049 22214 99901 8735 95867 19276 23787 56631 15126 23913 579 65226 62886 199 79478 47289 8851 33964 59354 99583 64044 44768 57931 89840 53418 53123 42203 16173 62524 22598 11047 65863 69794 55977 74993 5370 3461 51399 30825 99630 41425 22121 50388 10357 46633 5246 18135 92035 22177 65348 82837 93338 54966 22271 67971 53529 17008 61233 20662 45334 20092 
693 270
32545 39419 98717 65206 94133 75524 91752 94293 76591 90395 69566 4146 41211 42772 47424 71828 3 2895 19985 61723 69180 5787 4787 63800 8475 10053 29034 237 97795 31070 44883 14494 50351 89259 85744 83977 32648 86304 92529 15970 27644 76155 21524 42029 52773 2341 86774 17874 72961 99001 54087 82295 60327 89680 36375 30792 58046 33369 39014 80884 78467 98553 77930 77227 31288 72888 58761 19076 2674 87611 5360 83826 92363 63543 2794 48721 15291 41661 62891 22021 16570 2650 35033 42861 89511 25527 93992 67188 74306 56918 76728 44181 23537 448 1246 11189 92811 67337 60517 19382 22659 43615 13538 87953 22712 24911 56867 49138 93705 12401 11180 63838 2482 5248 58416 41265 58080 68938 72858 23668 76331 55158 67027 81962 38934 98906 48479 14731 22224 45693 74403 20757 6518 93822 10224 85915 52137 11211 36720 21749 55596 91232 67100 78385 79856 96585 50718 65942 85163 98041 83289 95108 39953 70029 19835 89817 22073 98012 66184 69485 26917 68084 92142 14264 9009 14023 10575 59026 32098 81157 71761 54616 48924 3775 85955 86853 97329 20482 87962 42161 30907 2619 30474 49179 49392 15082 45538 26010 5134 12319 71703 91391 72433 84646 44947 10684 52255 13709 66330 60175 30026 25364 94205 93758 86424 14217 72737 74155 45829 55177 26939 34439 23528 60953 46265 88959 10318 88868 75027 71702 17224 56789 1547 45726 76587 67235 78753 67797 13155 44381 22335 81102 26980 83019 87503 43380 87343 78193 90427 75126 24595 66064 14419 46750 77345 40387 78436 87370 5685 4160 82577 34691 51919 98088 57813 92064 52832 84446 18669 20687 36534 34073 15335 29783 39065 55327 3486 45681 57766 29066 
933 268
39647 13488 30867 3626 52347 35983 65324 82442 52740 95062 48662 39726 14133 3188 23997 88984 12904 14189 39778 29920 3859 25680 72724 89811 9190 86910 63382 51235 38595 32783 80008 16194 8125 87820 58636 76280 5984 78177 4327 82716 88742 98467 47240 11253 1884 28062 30696 98384 59343 96248 78059 40635 15319 49826 91562 65582 40650 73403 71683 29057 39864 53501 11514 58779 88867 62335 77018 58978 59202 38157 53810 54373 29926 78946 82372 44825 80295 54531 69144 7703 66581 35395 50475 41759 51917 86705 13256 53841 716 79214 46561 3448 62704 98281 19802 32427 64482 21412 72697 97424 33780 25346 24419 94490 69291 1820 22644 89652 34648 21280 86239 75141 53328 39816 79435 17481 89642 36149 83623 58976 3628 24513 16230 797 1085 47536 31911 55239 13177 93828 59870 79765 51622 68154 3864 47524 46392 16534 63199 44583 6546 62993 55303 59706 42892 32178 70352 18250 56516 66485 10840 57428 56016 96335 55767 50904 66385 21898 46169 39568 37393 72078 50695 368 62058 11789 29729 85813 37159 34072 96214 18786 51839 37009 507 3766 44949 58050 97224 12739 57856 15611 37837 18531 2523 70292 39170 10773 35232 82654 39671 41884 10991 13102 4148 16156 35998 88114 53703 60559 8154 98843 60105 64533 80849 62023 13876 82977 7503 5613 18795 28523 3656 33173 52718 84526 38909 69573 75611 66284 78966 44755 21769 51900 32659 38217 85145 31704 77070 65867 59394 40259 35961 47375 23442 71951 69917 66542 19965 13198 43750 51416 3792 23098 90663 47662 30684 65084 36293 27263 15141 75046 9227 49662 60889 21390 44147 64106 67647 21803 30652 75439 86524 71188 70297 62811 56974 16740 
589 266
64380 86756 83216 94027 80118 57667 48928 10561 97372 27504 26432 55512 56973 26858 87817 34555 4745 30349 12187 71441 45791 25650 9004 59396 85855 6892 11319 69578 75264 59462 6434 56682 6538 85554 89393 26575 15795 14270 73123 19219 34119 9934 5096 64602 86664 43914 122 69490 19097 58812 25273 1713 89292 22986 51955 80585 91130 87732 34344 42491 70614 20362 97254 70215 74794 16394 98320 19501 17210 37701 4698 55522 27896 42150 10096 95374 87414 5394 14108 88994 5228 41329 29578 14602 44630 39478 54453 46678 10290 24836 29856 18364 23972 57454 38491 59406 57632 36834 66048 95602 70168 24202 88805 39716 99804 6292 41815 872 27235 89384 98009 26355 1387 65843 53690 45364 88621 78930 4491 26708 42854 86215 80367 70208 33557 3372 7638 89791 39151 55646 96648 8365 31890 31228 85610 74655 79763 19512 15254 49481 22426 4358 70766 36564 41428 89270 6872 73530 84228 96010 77942 87931 77426 93577 87774 30777 80723 18103 28380 52930 88561 53797 89727 55101 99599 85978 74895 50217 73850 61183 70814 62343 54166 73655 31254 78182 53823 56815 84584 80544 84340 569 20150 99351 93034 33453 10060 79353 97120 34843 74384 8346 54540 17184 24998 89974 63491 88748 90200 77767 24555 26814 94334 49224 48958 52883 68290 21696 74098 16872 74038 6216 16232 33851 50838 37967 18283 4755 58325 99435 90936 57590 15494 69796 96546 23896 31946 95646 28109 66436 5831 88932 25147 19296 65844 69083 46283 84733 80923 94263 70761 1338 23286 94841 61835 57366 31850 10643 45027 6743 16526 53497 99248 98729 4200 124 37677 29101 73050 32802 91453 88652 94150 80916 82720 68456 
996 264
41697 34939 51613 85982 55309 15988 77280 82912 85832 31165 79461 36708 73323 7868 28370 50374 29344 17274 4725 8270 27272 59914 43568 7449 40856 30658 27231 74219 1173 61089 83317 95816 51112 86744 17096 19491 83513 53512 74934 45546 66894 52135 48052 29555 51812 39001 94589 73487 21047 34 36481 96465 11866 31795 65716 92565 58975 35266 45774 93880 89534 64367 96826 48275 47859 52814 56565 47138 20722 18402 50531 95836 17298 72047 18032 73326 17133 68114 60379 88648 81629 69923 84598 58575 56368 34859 47154 70440 68897 16874 85318 62279 7783 62102 58174 78980 64322 93733 22383 79591 59334 11071 64557 67434 44426 42530 28856 39353 24285 17728 98616 85882 18776 42827 50817 28960 91070 32731 70581 52329 43222 33410 79363 86274 46330 79617 38245 99712 79516 71930 47851 10618 2093 63934 90838 11096 35218 60483 24044 7419 64230 64635 4064 62556 73289 43782 81075 38675 60564 42334 57427 22435 84115 58725 28607 47517 94098 68875 62855 11798 14841 38627 59094 85466 95864 69546 5559 94278 96114 63681 36592 21149 24588 23071 68677 25093 41023 76858 97915 77127 86648 35879 96183 94324 45014 32578 19314 18126 8764 25297 95435 49959 97284 99171 49977 33254 46211 96271 14568 52382 69729 22002 78766 4609 25138 47231 7099 54171 31976 88262 85675 5406 34603 49219 33139 10813 29282 37754 93206 95603 76723 10145 81107 95270 43946 55458 92464 35635 41360 80828 10458 77094 45897 27010 4649 48102 30754 90443 33988 24264 4173 81712 6320 41640 37157 25031 16395 80452 87612 75190 59411 59541 65536 91189 55443 16897 70784 14667 6836 53602 59849 61396 48946 97963 
82 258
52122 35251 55803 77654 90787 85426 81450 78772 71111 10802 42615 61079 54790 75095 21839 18759 81613 85599 8114 27242 17097 5634 39630 41916 14165 29917 80101 3098 89020 72312 31055 31458 18974 90703 39085 38401 44011 89131 78104 9238 56612 31834 15908 78162 31520 81071 91048 44931 28436 92751 88847 88745 31292 45126 34696 37020 12655 6239 71516 28579 83672 46226 77083 63589 53094 94427 54936 28888 29031 21766 23527 11496 60864 66762 57226 79320 60859 10634 62979 836 7603 48256 30121 17417 42883 63230 85604 86971 9879 38877 48690 10755 99833 23375 19544 86124 23354 50031 21998 46996 77399 76430 65965 62171 24855 17160 76265 18621 41692 69945 26947 50504 49814 59519 61562 20649 37654 61588 84501 87600 90216 75365 83224 38371 21316 64832 31895 48819 3163 80492 73714 34537 43544 59643 93607 55938 85053 64504 57780 97857 46125 94345 50992 70739 73346 84857 48093 24615 44155 33418 59915 22409 76170 84319 43543 280 49994 86280 88665 73204 85113 36427 78828 93366 45336 49837 37464 13010 63801 1164 33982 37587 53781 43688 39969 63871 57333 42097 48629 33262 7622 13523 93949 91552 94922 58915 83799 8159 54537 96783 87737 49074 28549 32000 58645 40032 3103 14588 6545 92737 82392 39591 8977 76087 7807 91118 28038 75359 3828 81424 36435 83151 21283 57908 6705 41184 269 14908 32501 85070 41792 49036 70907 99715 68990 82204 39365 76343 64619 81338 89498 25592 10486 62789 91410 3189 94666 93706 62996 71420 91375 70156 31909 87030 32118 79053 85925 62508 23793 20064 29438 14854 11552 51603 50222 83183 55595 54858 
434 256
10138 80399 72669 87781 72766 4465 67993 42983 92541 36410 97646 60565 81814 12665 39404 21137 37926 93712 27084 59574 50016 56729 8095 5346 17223 13242 25919 12554 75019 29484 35214 43878 41498 40691 60684 59248 1351 97068 26763 59356 26699 6803 23530 81317 12063 27461 32540 51988 72747 86353 17667 16020 49443 57572 45414 94638 64997 46189 44709 12366 43360 68563 73286 92915 20774 550 85544 99924 31245 38702 16715 91203 82823 78570 30437 44879 11988 37762 20635 39896 87255 93274 25944 23969 74507 57857 62138 91298 24101 4890 34911 54535 72662 90349 20134 58967 70862 60475 60211 76381 76334 27361 52843 73658 30373 73352 48455 52439 62985 91490 68266 6666 72326 80173 34309 13847 61758 11653 9818 57074 878 91511 16479 65864 37286 76409 84552 19486 81163 90991 2126 16475 73475 68572 24260 21773 95293 37164 96486 10952 29468 14249 22509 34658 34823 10632 89438 93810 14068 626 41154 34056 31467 95269 90581 1379 93519 94287 81464 24824 78071 75313 12993 7326 33992 26473 37533 45962 32778 42206 76341 79776 87574 79709 16670 44743 80166 13112 42063 64553 39734 87619 91358 96167 93946 94323 87304 45170 94794 48010 25633 86318 21446 17332 25840 48378 15352 91633 46529 1225 5090 27999 32658 54134 80389 72215 97722 6441 11980 39556 20003 19150 47611 13520 14418 33451 15006 84618 46450 20221 38108 98246 21777 97759 3668 461 66079 76196 71846 7819 49095 41413 65019 96593 96955 90885 97302 13842 14221 87998 97420 56840 99813 43220 66292 46900 86934 17679 40194 43006 19804 15114 21293 83076 70021 76386 
239 248
48847 95309 58071 33161 99063 83758 5954 12848 84383 86732 86773 43821 6799 46677 7345 60867 72894 30844 738 11904 29312 25349 37297 92632 96466 22865 43596 11171 21627 95730 40411 63400 12743 46835 35976 90457 34319 24872 6923 46359 93952 93544 30252 14201 68765 53261 30449 95246 31721 36765 31956 49254 16712 73042 20816 75755 6564 73382 36969 29574 41506 25214 17823 98117 54774 81970 93717 25536 27405 98706 18136 29894 94806 7561 7301 26506 44210 23884 72013 64883 87045 34450 98761 78165 37737 69617 33502 50552 65351 18407 79373 10023 6327 21086 19509 83808 86841 13728 9601 76644 82804 28385 76320 70695 57434 59323 90975 78925 22163 77921 47234 48876 31616 49016 3861 77897 48352 18522 72313 33445 49799 53398 79784 35463 11467 5542 22110 56928 73759 10666 18128 74790 60441 85799 591 9627 59162 38444 78678 34147 66547 89972 11507 72544 52376 71792 41254 31396 66302 23740 43262 90628 84683 71302 81889 83786 18666 56538 46014 7646 35576 87639 57054 28872 93125 95407 65588 86977 34100 58306 88647 12590 22756 64146 81474 77927 57055 98160 38513 82816 42799 9685 76112 40647 23995 55377 55104 93655 14513 90021 26292 81318 23258 85662 22891 26496 29962 77801 10392 72141 73555 71167 49350 67972 63074 38758 52620 18388 33945 5901 27939 7055 39823 73694 17995 39949 70647 48182 92048 27605 65602 48233 78152 7313 99415 31760 8305 13183 28017 31319 86552 34172 58375 46467 62208 43091 57923 22763 35995 76402 69601 56992 19694 5699 86481 16094 14480 16148 
83 246
14474 76005 92500 97236 75344 26697 41951 47166 89298 12064 87133 74178 83374 74112 64177 93839 82690 60341 63604 58935 97717 69267 16537 16782 45505 5578 23976 19248 86547 75321 72682 10156 53802 61335 96803 57677 76390 77475 58478 60693 16639 36627 4601 78090 55304 21703 72151 7446 94260 10698 20161 88351 5080 65230 56606 44898 47475 38221 25711 83050 24774 78480 57291 5771 75901 58110 7532 84083 12745 11286 84712 72943 51920 64874 52460 62636 26329 76228 96627 48331 86369 86787 68474 76006 47905 97635 12628 52858 32253 3366 98905 57969 26698 99314 5766 43677 96116 95686 37919 47953 96975 89611 86344 58265 54792 60053 62223 2400 81451 86142 77618 67581 32325 64727 67146 86804 13699 25287 68514 8603 64732 25502 42420 14162 39440 54149 37907 60087 25702 9494 34914 60967 25475 93362 20735 48443 58713 58647 59253 7253 37313 76351 88018 81727 19971 36343 52793 80500 61238 25830 44158 24393 4039 13672 24454 67278 10118 85974 24560 80406 88069 79442 66741 50744 84871 88277 84034 54585 54807 41771 66514 71796 33505 69763 6393 68047 2125 8644 4939 81048 3685 805 84613 16516 21903 98169 44188 39194 85757 99711 21620 94031 33632 5180 35862 18647 65309 96017 95793 67453 29491 74491 55843 97142 20955 4081 25792 53270 83648 15519 61837 95619 46938 98060 38199 32053 68093 16985 35564 33246 37911 9076 54177 84282 81124 12656 79068 35456 51166 74501 26470 36474 40811 69464 88382 80980 45670 87966 68527 13868 39382 20128 57196 47685 41179 79937 
261 151
14323 62988 9981 41569 16904 47557 67302 46293 63633 52121 30795 37337 50885 98532 50089 7009 29809 19209 61501 90555 93332 97470 75048 99648 10838 81037 94276 98077 40523 68446 77947 40493 58281 28362 5755 55288 25953 76015 62702 75857 21170 70775 85235 11021 8671 6831 22381 75079 63857 81265 13729 45792 87609 92238 27032 89219 99550 59058 33689 49399 5653 2909 82848 49395 79835 83390 34862 66610 31539 47119 14826 27470 37309 85635 20840 2239 99915 13277 3470 85803 925 69954 51189 20704 7969 86577 48795 50478 21104 96307 74520 64532 69652 13486 15938 37726 20012 27058 11153 64763 65855 25106 64860 50670 67659 94871 32097 53655 92964 97670 51973 67465 28216 32031 30350 75020 62484 39256 9616 34614 31430 25707 67675 18615 55967 41090 58788 56597 33720 65561 12291 53316 35446 95880 65029 75036 61199 34475 67256 18924 45413 35484 54624 83145 20941 97027 45098 62428 79277 6465 93370 
247 232
37909 95500 79457 20787 38159 1384 70382 39952 88226 25235 46276 20741 34092 56286 22176 37165 26137 65950 4412 86962 69548 39421 61834 39204 50743 19161 80935 28009 99985 34259 68275 91468 302 815 61556 61827 58738 45714 63292 67032 15118 96541 54123 42805 14447 62713 86950 43654 67603 5875 60012 48029 71494 38201 28519 42475 81081 8597 52535 27050 8576 33871 3305 49751 5372 78734 91819 19399 77581 91362 6149 54144 90566 80824 84388 25232 54973 47968 41616 59772 27107 69260 55300 7127 31733 19458 2783 69033 96077 8567 92882 86347 70328 46717 41824 46720 18729 44607 64668 90823 51417 81902 18815 99139 54381 88865 25068 62255 46369 57628 70370 17817 62659 54387 59828 14647 48023 21304 40913 56536 84174 61103 77547 82579 3750 33422 84497 7017 52806 39128 32431 23214 62240 25966 89797 51145 25440 72690 7212 42214 90324 51349 44359 58993 38304 30317 92563 75103 25173 21947 73490 95742 73488 96904 34474 10418 95473 25874 62178 28673 19004 95328 28050 48353 36574 1499 17221 21281 17615 55451 39403 31024 69381 15803 37784 64826 55420 8015 41858 27410 38252 54086 31926 78817 61950 98139 40206 10567 25132 60597 65517 77831 33659 18703 72824 65095 93517 78785 46935 20236 82294 78211 46338 58844 62942 53179 90272 4121 56814 8319 41484 71517 25444 9684 18458 97344 95838 53575 12310 50207 37740 91412 37601 9032 15520 18214 3619 81041 7608 97409 73243 83131 
353 228
19633 81645 59347 39723 20866 98164 62519 10423 86444 1964 93755 41295 83160 51302 85965 75136 34515 55259 51064 65501 53259 35282 54158 62647 20903 25389 85602 89309 85812 13668 89340 11624 74303 65541 68798 58394 73808 17844 95926 94030 7467 63095 35001 3183 69453 14890 66040 28672 25970 36792 4043 35599 36460 56449 17013 32135 8820 72868 59118 52695 55745 77330 71924 87713 39517 57807 26590 96910 59698 39793 80761 65828 50290 23355 29519 86182 57611 52685 10986 73949 3827 88292 12823 27065 77307 76309 33208 34430 12473 56098 41307 154 33515 30574 6829 73049 69096 49652 27752 86185 17390 23293 18717 12206 23317 51765 37745 73537 35150 48945 50668 7416 12039 54648 77006 10955 27562 35388 64556 33499 20889 11295 94228 66686 91763 9385 27124 24091 23433 61734 88385 13001 28248 90827 92492 95945 47141 31736 27831 48598 69183 95951 85571 92237 58926 89789 55320 51289 69790 59564 54969 9672 41905 93786 14708 10240 86729 28961 42178 22716 80821 83165 56196 54338 81708 55321 26587 75589 57051 57262 72090 33850 91209 73425 92594 20085 77300 76992 39714 21657 96695 4371 20602 60499 18627 10798 33160 90635 59596 18165 90831 78263 28208 59490 23312 78681 33950 13205 33384 73700 96767 42525 92865 21470 98185 39595 86188 16757 90399 96344 88021 61336 87544 52503 87554 11594 76550 73347 82217 10821 27826 53389 48355 3064 86413 78901 28986 50065 
837 220
22788 3746 99219 60324 54520 31324 85525 75377 10862 19675 40783 94440 95148 43810 976 59373 36856 7102 12611 898 83693 70284 30583 73574 88645 48433 27241 38670 94665 91615 5872 68313 98569 17921 44401 96405 75149 51038 39979 66754 77226 82711 79846 13162 93688 50131 13698 98567 88425 5786 87026 76569 33359 10277 46555 63669 11742 32702 89021 51114 51636 10845 1594 51683 74175 27173 29293 77050 70953 75348 54311 74915 92662 36221 38296 4156 22963 59859 96821 7818 79707 38871 74204 32775 20574 11370 96534 88153 68622 7573 7057 70740 48670 12340 69914 45430 56835 7963 5605 27533 73229 22570 56875 69739 10100 98502 21201 69554 48148 80652 44411 83188 38610 62900 82721 97435 91582 90920 10763 8515 56842 46699 39628 76375 21443 99522 84372 95013 97548 57382 70593 62496 83868 89724 46354 24633 1739 92459 41310 94788 96610 60754 88171 68036 44338 28790 9215 84782 61865 956 92994 63975 71071 98121 1878 16628 21959 26375 48007 91700 18698 50691 27414 58029 70113 61892 56456 41879 5398 46153 28190 15750 95655 11474 24253 14883 27141 31593 33500 7160 8599 91767 28303 23504 78651 29634 62416 57901 33334 21885 17286 38684 38793 43960 48196 41112 27536 76963 74388 91231 78701 68011 30794 50729 82840 48408 19536 38126 60524 93078 57139 83044 95398 66399 86802 73112 47720 355 43458 4792 
865 214
69537 68077 22979 45677 68773 9661 3259 42245 93799 20851 12959 40630 58949 46839 58433 34485 49135 37410 91703 92165 39037 42596 74398 41362 78661 3271 75762 24764 10491 8194 866 64636 15686 48618 12289 61882 7401 81895 64696 70769 93581 29548 17125 37870 36098 44871 81220 23387 93815 21918 87468 59456 72677 73086 11003 77699 4477 98668 63236 0 67327 3123 34925 77576 42914 76606 9900 2868 4923 51754 10633 98688 2633 68256 29529 67389 75553 39165 72213 74573 20717 5266 41795 63626 47957 29124 6753 61715 47741 48511 73762 20114 15204 14644 29526 66352 94024 44378 61770 54748 23545 65957 46351 47830 36290 80528 98972 38470 88237 75970 88565 62091 819 39928 71860 94431 14900 89001 21214 23953 34957 57526 80546 72680 50300 10270 25659 18072 5691 16673 17041 98783 47824 40015 7210 10177 83103 7764 6749 70754 92311 89829 54782 56571 71696 55005 30912 16079 56002 24760 55764 64857 77549 8101 43517 7073 22524 13386 81769 14730 41411 99422 5515 91347 33897 7571 7146 6151 64612 51173 65558 94689 96272 91132 28043 73697 62599 36658 2233 89893 44050 29247 96005 23201 30376 18658 17446 50974 64464 51949 27800 41140 50160 85229 46326 13341 86588 2474 95255 63160 1422 72348 50556 51861 19006 19772 73032 48346 97413 37255 67620 37551 37606 95358 
100 204
34569 5711 58610 37323 6443 93333 23030 88117 63530 90890 56129 28533 89881 23392 82252 41145 91718 98703 86329 80790 66271 84299 80735 87740 65384 14415 94137 82131 85099 32622 75850 42418 10212 55086 82457 47882 84558 4281 99683 68396 28963 10586 47910 84253 24494 75220 99533 15870 80831 46269 8228 13311 86173 64912 83539 86876 71818 1832 93691 68065 32338 40683 79419 64512 39333 13305 67644 59840 8670 54629 30691 86210 98956 89180 76663 96126 84377 75459 51523 84373 45313 67038 50500 51855 5181 4568 58768 33645 12513 60274 1029 9655 28695 86908 90563 37577 52812 39030 15755 25566 34343 97139 66042 58022 84677 73771 82890 88258 22209 41486 87195 81197 43475 29285 35591 71944 16237 65341 82138 13797 70232 60918 13639 22726 27164 1392 92309 13855 35065 98180 45749 84825 22502 8160 34795 61960 26199 48491 51205 82992 10232 75688 89508 81660 73763 11665 3795 94750 87560 16301 17435 65306 5357 88850 45945 63144 41660 45335 61948 27299 7176 38426 45483 47979 59073 84119 7484 73561 92940 36163 79743 48123 5052 48461 45041 56183 39931 37490 79911 50895 57003 1909 47101 25600 20651 23415 36123 76673 96413 92884 13295 65627 66077 72219 16873 42659 74758 94288 54295 71964 35978 15218 47817 68372 
242 173
30451 90722 34971 48759 66289 93438 55372 37570 98441 14799 36182 94725 55172 15998 65278 33153 20191 17933 90364 56439 27691 16393 71910 49056 15076 30964 96781 34924 11812 61062 92149 86359 64947 15635 65383 41876 84292 49756 14607 69834 51691 94705 84195 6003 38924 36417 88412 70020 98423 67911 34329 78954 85877 97427 93575 92933 5609 74189 16347 59530 12896 53320 53026 4377 63075 54731 23496 92904 32637 94339 23309 8923 26466 24818 6266 40394 60107 26568 25171 77582 6136 20339 17024 32858 47442 90908 19066 69741 40346 53231 3963 44600 81625 12518 18145 84005 81996 94757 15059 63767 64039 91934 29132 57836 42511 69951 22996 57563 33364 92629 97752 12546 95296 5931 71813 49547 94394 58919 68310 96624 50317 80862 61332 12081 40948 53963 96865 53088 5660 55520 3786 23206 37892 481 36540 5084 33716 18451 29481 90570 78572 78544 67593 5870 41395 64978 59270 88404 45038 11331 34008 61215 48619 12435 33638 20383 92467 1303 9219 104 33401 10895 27769 49174 79920 43758 47879 26544 45930 75252 77616 53136 63064 
952 200
41760 37473 21813 79524 86645 90223 13768 75572 84608 2840 98576 89153 50143 56586 82518 77252 79155 61200 72951 4021 17352 17518 2537 89423 3946 20906 35140 21462 93195 32234 66175 8553 55204 74826 38985 17088 79400 88053 49338 60969 90919 40240 7395 71301 12847 75659 50509 30423 83810 97782 38680 4142 6063 41608 88643 89206 90556 89078 39433 63693 39418 58688 63790 57313 76940 28775 42574 55887 13159 66104 99274 79639 42070 78058 42667 63602 20982 87689 77542 80613 59916 73939 17340 57625 51707 20313 20130 68981 4974 1755 67051 36757 1080 75311 15689 85598 54534 6750 5519 2079 37101 4029 33484 74439 80926 40967 51282 15463 12384 33172 13321 39509 60811 6613 46089 62232 95884 21596 47983 57063 76012 57300 82930 7159 62316 27256 29056 35197 75483 69029 85189 14820 50444 13157 86395 31694 17035 24720 62862 37826 82224 32704 90808 22968 89978 37243 79057 90400 25058 8022 41936 19013 91975 70497 94985 12071 66566 32359 61334 80570 16189 65272 36654 10794 46095 57540 54772 12486 8046 68635 42986 55196 85197 69699 96620 24656 35942 60351 28693 71114 83225 87646 83895 3370 2143 65232 3415 94219 45663 75186 16765 22175 4971 99842 14086 94322 89616 24744 85800 61895 
470 198
45890 97016 14963 91342 6059 21202 64986 28110 23795 7984 27851 44639 61404 32803 46109 72843 22317 99692 10103 94367 29679 2489 36420 66947 96977 81322 67872 99797 17156 59020 96922 66818 44864 72456 53014 6486 87555 83031 46598 11121 7944 69899 39940 25731 40824 24321 60192 63685 17752 22299 82041 43312 34102 76238 78995 26406 48393 61197 38391 82742 4739 68060 81370 5407 34015 75447 79670 44759 3218 64823 62494 72365 30178 29888 53114 13620 68051 41469 66105 8972 5681 48680 58266 21791 90417 3151 37406 88626 29591 44017 86202 29043 27838 34538 52660 2902 37951 63672 82703 31480 1294 36739 39516 10399 70961 15562 42094 96202 64339 2116 2771 93021 40887 4833 85623 10697 63651 3420 1330 12208 79091 3173 64218 13536 40699 96495 71089 31855 38690 10861 86860 15986 71556 71399 26547 39779 19637 33382 29798 46961 583 29923 47336 80138 62538 73491 24412 90154 97609 20243 97134 12856 33774 14251 4724 20792 92276 40558 1793 40562 82466 63356 94439 99491 29387 99033 79137 86639 2396 25638 86355 30532 86652 67820 24114 33447 65502 90017 7801 86924 58671 79942 39888 77467 55707 35530 88992 99974 67003 71592 45637 99606 81443 78519 22483 99570 55339 44708 
617 143
79812 63073 87822 87018 2017 78794 64890 67825 70918 15380 56382 80810 1019 29577 36187 54414 70800 52131 17535 98582 92327 53950 73010 92168 69109 44500 7748 98468 63485 58349 11179 73699 81106 45916 88232 34187 57328 79927 46352 73106 29677 90517 93064 90880 79773 18945 35875 51176 52222 82448 83218 55925 28640 54887 82313 9492 36005 77517 41736 80201 34470 84275 79830 72919 23676 90373 15034 91226 67176 47970 1669 52432 73070 58899 82160 89065 96265 13211 32294 31224 46577 53397 67129 42243 47706 96359 83352 25354 1378 99261 89474 81469 18756 54614 74648 73764 48802 75285 45089 63859 62705 30480 87173 44617 72192 19684 32691 15267 63264 21658 50520 64216 5846 20416 1027 61641 47265 8060 87602 45274 88416 21742 13099 82787 67504 16674 99380 443 66197 27411 75654 16478 18632 37072 54691 68385 13889 22342 66847 48062 91753 80429 60075 
200 180
22785 2000 14892 76803 30647 236 93172 75519 22304 11823 73664 54943 24912 57566 23808 8436 35868 4090 54597 32243 13694 14038 1580 45578 7660 82207 59401 22823 49096 90368 77886 42777 60807 66231 10215 40296 69410 24562 77663 31585 46915 51712 7852 61124 91319 99904 33756 42974 87034 31873 93601 88054 84821 47674 96392 66203 28230 93138 1650 8083 43503 18760 68489 26358 56603 99210 13208 48974 18101 7905 36247 31918 71328 51313 17016 40210 34756 20432 91677 55347 85515 5735 51132 74644 22682 41163 3068 35699 25534 11365 51339 47803 27588 53959 21343 4170 42195 99729 69193 56194 22493 36366 65832 28834 54862 65180 76903 21428 61702 18743 45302 82538 99857 30687 99450 10398 64965 69857 63737 10732 38964 37002 71536 87381 71955 41866 95490 95228 58371 41648 9792 85208 47624 67614 30952 51296 69126 95827 79046 71372 22999 63770 58905 14649 6980 82914 75795 56438 93486 37343 86166 89002 36468 2167 71065 7729 95373 97007 80440 77734 35660 74768 69149 57319 44160 78089 54024 69965 38478 96939 10394 72399 76037 42504 92936 73149 38000 54905 5822 18040 
639 176
39374 39081 69552 91124 28829 96180 90514 44279 20475 92596 30266 11217 43067 90588 30414 78004 60425 61638 84977 54561 1642 30242 74471 31276 82192 75644 64282 55463 67999 99051 90609 65776 96281 71148 80495 67988 92296 41429 78569 23609 6041 96019 78617 47031 25801 73914 49710 4396 32973 75823 57405 53391 9787 23047 11022 36710 36768 65933 32569 16144 75656 32672 18023 30444 26561 24970 99081 52115 48014 85462 82836 72353 52194 37771 89432 66365 71624 62424 61446 33398 15597 38948 44875 6282 46525 59783 95982 58068 40481 69451 80187 41045 623 54992 12815 80026 60954 53718 60270 9427 96758 20993 59900 49679 68384 57151 66674 25178 41512 46111 45730 19503 68795 15632 57315 9651 69182 80813 69981 80551 38502 19612 23814 56820 24781 58465 39207 17238 14152 96356 19964 96206 21851 10590 43291 37653 47956 40178 58119 50469 42048 87161 40126 43182 63436 90141 17616 78511 20395 91907 18489 18477 20721 38205 91850 73419 59891 70325 13497 82194 26051 28159 11052 33007 28305 23950 28756 8970 11356 90760 23045 79452 23140 1309 58383 30264 
41 70
24577 75919 84262 25002 64374 39609 40361 49284 79549 65569 31179 87832 22402 20760 89237 12024 26427 61726 92034 91967 81140 37692 70242 48492 79633 51066 71999 98108 32974 9648 26549 28616 39497 71224 10454 40320 4956 41375 69993 44651 35740 82736 64491 71858 44259 57011 43864 81650 26098 13394 43088 20747 64792 95007 86281 30173 75426 84258 32398 39125 24937 88888 15308 36198 94789 5620 59806 7765 45707 37883 
457 160
48255 98722 28083 74288 28118 68891 99357 89035 8177 50326 62043 81869 38528 6413 58813 68430 30316 91061 61766 83483 97168 48691 36318 71745 6781 94379 30947 86914 54325 95192 96488 46337 73184 80196 35165 75686 49218 8487 13745 66138 20411 48609 26289 95610 35567 38614 93723 21802 76975 58625 28090 59173 99803 84663 20556 55754 85980 94865 9843 59420 15541 66378 52210 42022 83466 48132 20776 70679 95731 60380 43374 15588 63807 95480 26924 71538 71977 94766 52390 95571 23139 62983 6815 47384 90522 67648 73734 86791 54804 41426 13401 53209 19706 36551 10818 42788 10110 60726 16965 51513 80759 63998 6271 39629 29463 69217 8316 96649 64305 75060 51480 21162 69129 63563 18584 57023 8793 56403 84659 35497 60801 66721 60711 58464 79422 4648 20180 37589 14814 88759 59089 20592 72854 7836 65279 89776 41357 50296 8367 25021 95789 48282 44749 15766 73275 24898 90686 57861 23099 95262 83689 70995 10344 38978 94621 29148 91112 38628 51441 77520 
517 156
22334 12212 43316 60391 25441 34698 202 73273 60322 80654 98606 7508 40876 69719 17726 85328 22253 37470 73040 23933 28755 45527 31439 44596 89741 71051 74851 90381 39738 97222 79609 71776 89045 96952 8400 30505 16119 71446 82378 5849 6633 541 40452 40012 69962 37873 9097 81678 53506 36706 96230 20936 90 16633 12432 63531 74393 21468 13730 26635 54590 7576 11700 52724 60431 55312 46864 55997 39422 44979 69345 4868 1616 45662 99609 54801 94884 95445 93837 74151 30667 39161 80856 42658 25319 72499 1368 9895 39264 78692 20066 94309 11140 94506 16412 78185 11141 36350 13378 80250 72703 46988 83240 61240 36743 28947 15067 27322 9572 39759 49748 61789 28758 30665 57053 13812 7202 93239 40317 32157 47361 8562 5254 16133 29119 47687 76255 86503 12607 59682 84425 76352 86563 15670 80689 9061 303 67281 98918 17649 9407 89252 13067 18253 44038 65198 44758 94169 44157 21666 35518 70922 41646 4650 21292 77867 
621 150
28632 84463 57616 79936 78821 32076 96030 94963 38856 81960 73732 20176 64773 356 29744 40147 29006 12629 69235 88732 19222 85555 7371 53867 1424 9241 69799 59634 88607 64846 54224 22673 11054 44334 44369 47974 85619 49829 14340 2382 30465 14245 3581 22208 68704 76643 76301 27406 49015 22533 10469 209 40069 51111 30461 27425 54637 69510 4489 70322 96590 76429 89880 51320 12631 91507 79877 79472 5892 74365 55704 65860 49923 1660 76079 42834 81210 55660 40397 74665 88407 1990 3598 62913 72610 587 92011 48983 75761 53775 75015 41537 76567 59391 80996 4666 66390 46028 86258 69958 81540 7123 6442 33348 15370 38703 21875 77788 35293 39603 8419 93720 78009 37219 85331 80780 67081 27772 15698 33052 60176 36942 69909 70746 84516 76492 99758 66600 70526 16312 14945 10506 35656 12601 84362 38259 72711 19385 10306 47216 97657 40854 30569 68237 2221 70270 64343 93259 99520 99141 
927 146
3855 93871 39867 31506 58667 22995 75143 55894 20873 44395 6521 19455 57210 40386 65599 99777 79777 39436 96045 7951 1495 41626 43436 83832 54745 51510 29469 12348 22530 22422 7249 39167 419 9162 90601 82989 85326 97945 25791 46442 50863 14197 94338 30298 14928 36790 11590 43366 54893 14696 96156 47639 47153 86403 27649 47170 84885 44684 94570 80063 56877 82998 24054 55232 82693 82773 64209 34520 59024 10573 36165 6495 97514 67967 7333 38160 86512 1556 79384 51288 6735 46977 70984 20174 7607 78056 50800 18961 67656 97578 1714 22723 19614 17039 51477 11617 81946 21433 21041 66939 39978 10988 2199 83939 6460 87332 68869 8777 84441 32211 28786 91945 17396 32856 69692 73014 50173 95212 34625 4052 75323 71648 77391 30043 96310 99166 64105 62431 81289 43778 59888 97225 7647 32889 56738 86276 10923 39613 6808 53726 68422 28462 44231 10984 67894 65212 
715 140
68273 69136 37868 33028 46895 92836 88087 63090 61778 29086 65955 77066 19416 8575 69290 27391 33291 32003 47667 94694 53063 29457 27950 57954 10196 35639 45631 16899 35663 68935 17473 52364 61290 93515 72776 4494 94256 99897 35782 47545 63542 36776 49268 31142 1106 57460 75157 76191 26308 19357 4533 78290 69391 84838 25935 14615 61132 33754 94461 61609 73794 29486 55680 30120 11267 75286 99626 52248 54362 11298 40810 76393 8199 38574 32342 10793 99352 41291 773 50202 44958 61577 12905 49651 88931 69280 13056 73789 75657 62125 26478 20242 26229 88671 90728 36473 32786 29268 73145 15226 17113 62129 91149 6817 78495 39506 99615 3295 18606 25215 59220 27450 53761 43016 44997 6760 26945 73167 98014 2066 13470 32407 96313 31782 34600 98305 57185 37775 32497 20035 75946 23747 25912 42951 54570 96628 58540 71053 12644 99074 
466 138
38903 25366 43398 69212 39608 53269 33626 50404 4409 64709 55000 30906 91385 73476 6012 15786 50459 39094 97844 4349 24503 24132 37203 92869 76540 55427 26411 49163 40039 13755 17673 33339 1552 59723 37226 82722 72653 66118 98477 34354 90887 68740 74064 72760 86972 73883 26054 65669 76880 95764 35376 68360 67167 83620 26234 18602 35743 64330 67672 43825 43972 27075 3166 98633 75806 48091 95850 93894 18932 9812 97793 97303 68368 97419 98806 76404 29260 37797 72356 58637 19858 58982 24246 40513 50061 64088 20523 56443 33688 83291 93855 36886 59443 18801 73848 87809 37632 16351 56051 65759 85607 96739 76933 81557 74556 27463 6099 64252 62366 9151 87258 96084 91258 58855 90900 34806 37201 89392 82497 14886 24352 42024 74762 87146 5802 93162 81929 17943 75123 5043 23729 79436 83619 58185 72092 7131 34078 60812 
903 136
74632 18463 73672 83923 56152 14591 30937 17334 52697 75968 7514 70633 47586 31280 28257 76030 99567 68664 43243 26035 21728 85778 61975 89627 26110 77877 87054 66008 31978 8437 71350 21416 5373 34355 50467 40198 43208 88188 23902 2934 99392 2096 11301 71056 93514 81725 35994 56929 12980 71050 67810 72468 51958 28477 55415 55162 77519 58448 29857 35041 12375 50683 57490 46538 42545 34253 76061 81508 98250 28243 3713 21921 48921 40197 23019 43408 53365 67690 8115 56592 44988 40390 38929 10598 65948 1627 98177 22612 2959 80984 78497 50059 23784 90171 53978 25156 75081 83580 47871 98450 24845 4682 39868 74642 52311 83027 79351 17860 50625 30787 72014 4557 75213 16192 46176 4707 88957 21037 76883 17140 48124 9604 58182 84198 18138 26888 40025 51352 97057 82144 81842 35038 77880 70172 59970 88119 
595 78
83624 81941 65518 69553 76269 67847 83454 4097 75796 88482 53332 27390 25378 71031 31554 20137 11463 54532 33576 37648 27858 71947 52270 28288 33320 31613 27503 83310 41229 74538 971 45036 14502 82947 31462 6037 12966 87655 21732 35513 31969 56164 70489 79080 93378 77955 87934 27870 4061 67658 45935 58946 76528 43921 20235 20054 66043 23656 41320 79101 19437 30988 95259 15117 38177 78573 53101 28662 15449 53774 56201 14381 48493 47506 17275 12009 14680 46209 
861 110
11293 94656 72688 43124 67118 44332 10945 24103 64160 9894 69532 37436 16204 19361 33467 24024 65497 13659 42340 56127 33473 99438 86895 38107 68892 66224 92297 6487 54180 75110 22237 49848 74528 15195 35503 15924 13141 45549 49821 15899 80991 37088 58515 4332 6506 77057 57840 2304 61788 75485 93590 49027 57690 87366 18352 22453 56205 95299 31817 96055 14374 93376 3463 10596 25710 12110 6528 52435 9267 37902 31725 88875 20929 87957 82979 89478 33272 95452 56830 4370 11536 45331 26037 67054 63115 32110 68598 53167 3762 93727 57061 26954 40658 12999 20136 38326 69817 27025 24919 97215 20273 34204 64210 13365 91460 14074 89813 44938 69750 58693 
267 98
173 17324 77575 98264 24420 80439 27556 79704 94583 34968 12988 59939 47925 62889 4186 79638 96008 48658 70396 14846 41354 10681 79766 68734 91491 97153 62946 99464 838 43569 20142 25056 86267 31509 31303 63352 23873 8242 24794 60442 83828 70413 50442 32521 15469 97479 48919 22666 70505 60028 68492 5432 14635 21230 99602 64737 40877 23097 98144 87700 55121 1943 84900 57950 98234 43278 17796 58714 99703 81654 9059 3729 88125 39707 77213 13202 26420 43212 22670 58379 1749 14946 8891 66828 89556 67717 25192 93070 83976 24979 8063 23558 54035 72290 2222 13338 22135 9875 
260 94
25146 41571 59617 29831 10482 18863 74374 62694 72670 48240 10140 90188 25860 23843 72927 1004 36922 43918 96978 54152 62224 27966 63358 14519 35437 31494 80418 50524 44624 19713 69712 11395 88318 58746 11704 77740 94874 9443 69143 34195 48701 84507 52980 77455 82886 17594 62884 34916 57983 69488 44943 92952 56975 953 99201 11781 66716 46979 7422 5267 73292 61139 93679 93409 48034 75668 75628 54738 727 55822 905 37169 97811 19904 61627 81145 47820 89102 68405 79474 72486 13944 1751 23160 26198 61756 95930 58153 70532 28868 58659 73998 52405 84906 
127 86
72133 96353 23428 73875 54702 74887 9069 72384 15488 19861 38952 82984 77641 39963 17705 35586 59439 95581 3586 15734 15474 69002 56524 67596 39347 1234 75072 7798 56732 55718 71760 35483 17163 44801 41949 89793 84898 43457 55898 8091 43873 32485 79261 58891 21487 81760 65551 65042 97167 88279 70843 74751 1486 54105 79324 74923 74876 67137 57771 97433 29485 19383 1766 98109 34938 49427 146 26849 17253 57924 75999 64926 19144 40608 30680 21776 15712 76335 85786 94961 28970 86217 45015 26210 22991 39400 
287 68
55543 45788 77922 45968 51989 70709 29597 98526 23727 41268 85783 37452 8008 39010 24432 17174 39117 96943 75360 62117 32988 43785 1009 10236 55134 47021 72011 46675 34587 53530 45712 18581 65462 32397 38658 43526 64663 20135 27389 53913 404 99760 52154 78433 94941 48013 30562 74513 12604 91900 76442 39026 49562 16276 53116 99468 65283 6939 83110 62664 64273 47019 12241 83203 83956 98323 79448 45419 
389 62
85471 12800 65882 2512 68856 29429 59035 93920 12239 62229 18459 8762 16126 27799 22990 17189 46983 23129 5548 79587 22743 93319 50260 24415 4150 83477 86565 40077 13785 87814 53449 71005 65321 66215 11410 72820 85612 49648 9591 96225 607 98604 86078 68097 87322 31779 76067 5521 95852 80640 72223 11080 1026 32274 70475 93560 16690 4167 65110 28689 9334 36812 
284 58
78299 28126 15799 5320 82168 82789 45583 29536 99738 92148 68162 50150 57255 80409 6119 35903 25479 3501 62051 67975 15064 92924 19351 66120 41412 16124 13320 51801 50775 94362 73709 3821 82741 41609 64441 18019 65326 58136 65413 46131 9482 398 24524 81454 12088 42001 2532 19528 99307 56298 31227 95252 89196 73668 80421 39265 31270 4593 
505 44
44419 45474 23810 63285 38097 51039 26170 73952 23910 93918 30482 79339 52569 85695 79790 51431 63362 31320 68499 22316 47714 21889 67832 52540 39984 41753 19980 1688 72292 14983 75566 57084 96308 6085 20211 47114 84616 17368 47264 71952 89117 62897 64526 92177 
446 34
24379 16893 20330 56557 54707 77659 599 77554 34464 23114 24826 77100 55052 25099 14102 60158 74643 46333 7931 3555 90529 18672 17966 58894 90806 85261 42342 81692 67441 19547 90892 50513 32695 20780 
160 16
8819 56893 5663 14430 91466 41052 29884 10848 75054 85014 99914 69744 14831 46972 91821 11620 
151 12
91127 94791 85084 29044 59133 73117 21629 35915 55047 31634 82710 42289 
