13
773 414
89321 99274 992 80875 82901 75996 23357 73247 47106 55064 64388 55465 2160 54359 1433 87020 48603 40332 53411 64226 17957 61969 59528 76254 62853 69899 24544 4707 18 76815 5954 30500 26302 57597 22685 36156 14766 27160 6431 7865 19322 340 55725 33144 76781 24959 32447 18694 48130 39026 5396 62080 18867 64855 43252 99582 34155 21067 19390 9250 62500 57725 63814 79816 43473 60291 71569 24255 40931 95708 95745 17818 76286 3227 6919 96812 22581 85998 13115 5703 34776 95228 74132 42710 61772 12595 53293 45291 82325 51228 84806 89712 37145 69938 1871 83921 73686 35249 8511 65029 79617 48299 15518 44945 57408 65974 19694 13329 50141 60062 9617 19499 60357 38554 55143 80567 83815 19722 64494 76312 80307 43335 35520 89292 68181 66995 72880 13108 70947 44374 89522 50775 17138 51993 71937 78980 15057 11912 35877 20407 44798 57059 49388 84781 40900 39739 78684 47246 58085 9426 91001 65072 35709 64038 87473 11948 45823 10818 91569 62261 84406 76853 59114 25659 33632 55724 84172 31686 13759 15093 44507 69951 2072 66 65832 37383 74422 19092 38525 72084 82453 22540 18359 2259 56309 83085 25807 45825 94678 62285 37301 25378 93634 16567 80110 51659 19898 14406 54273 85050 56414 56604 78908 28461 47729 33463 39750 32233 47808 33255 18587 24575 64335 20867 46121 17099 61749 69570 3447 57142 12628 12277 14586 68991 1933 57874 69003 1209 20311 36856 12476 37267 56525 1904 22122 21853 98531 72068 71440 13041 23917 9033 32600 70689 93012 78416 47531 51565 20947 97965 4419 60039 22849 14896 57360 62149 64331 64975 23163 89136 66056 60089 11321 30588 65491 9116 15369 56363 87995 84957 96306 10897 65945 5864 76369 2002 50750 90505 66333 27293 21772 75136 2547 16143 15486 74427 89177 95330 12367 3619 91564 45488 97602 72582 39234 89374 55010 54996 44909 15092 80308 59080 71093 64401 50344 79389 754 99424 84634 10184 49498 82171 21310 66865 8576 73705 71366 46287 87989 25949 57047 14955 88768 97600 90151 66423 96821 96323 70584 81216 21651 44107 90669 18450 16022 7525 57555 68235 4123 56365 34768 98151 42368 72668 94839 38470 73031 45725 57091 96979 17316 62596 52749 16841 31810 80618 25085 48263 27761 28966 6583 62585 88687 11080 60699 92352 61371 32132 40416 75902 72888 77819 41749 52588 53506 89792 27971 38060 37690 26354 87844 69699 31799 80130 19769 85500 12658 8475 21198 14738 87179 10651 2756 58186 38865 39305 31355 61312 34911 62323 68147 65090 81533 91553 49589 36688 14048 90526 54699 55563 85862 75437 56430 27480 
153 126
23857 85924 17916 65000 33827 69907 12326 5841 58395 87884 71010 19406 88754 97293 92921 93447 70985 74915 94005 85557 66691 57210 19820 21348 81340 23789 73605 45553 76540 35907 45422 35461 31833 60136 99514 5630 41302 82025 60313 61210 40754 92772 83074 43648 72042 95434 28870 72235 35956 16810 60192 38527 98993 25545 88664 38162 29110 62092 96191 67895 25536 30433 42747 73312 37037 2795 69612 68936 43976 24082 25204 83165 89653 2813 83707 82909 48289 64357 39365 61998 4687 95253 60065 55589 42672 95680 63471 38997 70138 69325 55867 74538 55539 50155 73898 86230 31103 31613 58134 81942 65173 6603 22851 67420 5567 60896 34468 23461 63567 20643 62536 8019 42473 31629 91739 25701 58936 98906 74665 17428 87795 31296 48237 76992 50731 54575 
604 297
73055 90733 18574 91899 78569 18342 10531 9921 73381 77251 63803 62387 11951 81245 73106 97362 50236 50716 56015 43487 2123 48629 57936 63992 23061 49025 79600 71437 59206 32442 30956 93430 46220 12797 51913 41055 15697 97297 15266 96207 44023 9118 53149 17367 52941 47389 61591 63757 11231 91258 4502 37176 63024 2519 17195 85472 81458 42234 61796 8745 99234 5137 56958 98852 69820 80675 85883 24756 10475 89037 12572 1416 22985 46979 69547 84204 56678 5623 35588 79946 94879 77019 35232 88264 98644 60603 98954 21652 67928 4589 75222 77161 35330 47511 32449 36504 90348 61618 80626 62628 18985 52124 76161 53180 47327 39692 42378 25560 26005 12833 78029 28145 63900 12010 35801 8414 63624 9519 43980 10345 23231 39961 89777 13840 89849 70426 3049 26602 33293 11643 18315 52974 48178 29817 17809 49456 59438 39197 35320 27986 78271 30227 8675 68696 66605 91853 30721 60033 78249 41303 81115 34959 56823 54084 23806 46349 99283 20231 44115 31407 59390 50845 36970 15831 95402 68634 97590 56667 85072 41091 54336 46275 85296 21317 14087 19715 89826 24347 47793 96266 4377 59761 48122 8518 71905 10575 42717 19392 82376 49970 5378 47249 8079 70753 3116 83117 77141 30826 60795 13336 48418 50811 81052 88099 96196 77711 70517 51753 70950 49197 34503 69856 67049 66168 82112 51111 87834 50128 35779 70317 67662 99463 11675 48588 97972 31569 70878 18649 922 87385 8760 92557 38172 2747 32635 32862 94099 54973 12810 54603 62981 16617 56540 90741 54772 44220 56211 46567 66041 35370 52084 42557 14697 48665 14028 47623 86367 47944 85264 60036 33452 23354 56276 86185 23981 53193 80378 14951 3887 58901 93267 20545 66195 93334 95370 15770 71932 33280 1593 31093 39332 40397 95039 38867 99202 39041 37190 51575 78518 15334 17214 64712 80044 3061 81769 83629 88710 
345 96
62120 70045 49783 47044 19434 38678 2793 81026 13096 58569 53371 58235 10102 14136 34081 11569 41904 53952 82196 47976 48445 75269 71140 8460 13273 18780 83797 3643 38844 9844 89275 9072 57587 32086 93210 53331 35454 25046 60681 40688 909 86962 71301 27876 14529 52092 46239 58714 44631 43678 49726 79533 31543 12122 967 35146 62251 54833 85130 67453 94392 22031 33481 18836 46541 54759 79204 91040 71580 698 54618 70269 77433 11155 25649 63367 59800 48436 32687 25490 46830 27194 16279 93506 4985 5633 67835 880 18924 70007 51657 46918 69386 32967 89511 60044 
104 54
22566 36575 54611 141 47165 59961 91627 4386 44980 75719 21149 21326 66805 98845 69418 87373 16248 93797 6276 35639 3160 95619 86013 64295 51093 83204 57624 29692 20568 96734 37849 32099 86878 73823 22098 20911 81443 53550 54642 96133 25208 46697 65174 22182 98458 13050 6582 68697 53039 49340 26272 80343 47235 94477 
960 111
59494 94999 77346 17116 59873 79676 48693 33843 87445 31336 65075 52636 46174 12061 2051 54522 38070 46962 9546 39021 63356 53154 89679 71219 42917 62456 49114 35120 21090 31978 50052 9421 74361 19431 7544 5475 64418 5725 54465 87712 23922 26599 3101 62564 54143 97687 9966 12806 84873 28768 74055 59943 50486 88364 99784 17016 11448 29567 946 48316 59962 12818 66862 32705 94952 66161 78074 63779 83591 42225 265 76539 10869 59687 84810 44935 99308 54444 94718 15855 30117 44261 2488 51861 51196 52283 31496 48563 78036 43639 87227 10637 25355 107 54891 60256 39628 96093 84320 25961 53485 71564 5471 50403 52327 51876 4772 8638 97240 72223 10246 
288 379
8470 77942 80173 30460 53985 55050 63652 25577 28087 55540 40308 57539 33614 14448 61874 32732 74056 26943 54010 6490 88987 23356 20830 7567 74450 15757 93064 46188 39084 79862 87616 15636 97090 84940 64302 22556 20061 50844 18388 4296 83713 11741 95313 86166 75399 45835 5581 13611 42521 31608 16390 23235 97803 96620 56318 91591 62094 68478 48061 75088 49511 55564 29687 70063 33324 68694 2313 20286 8667 38654 44452 92320 6755 35855 55957 52489 99778 83245 24331 29609 66022 36171 60229 5314 17067 85871 23815 90745 77720 871 8189 53054 92307 91041 20782 75838 72333 26270 44117 36842 81171 91158 49318 15094 91212 28292 27301 60070 16384 43903 9006 40410 74663 5255 98244 94758 20660 90147 59892 65087 21014 61164 88846 37573 56091 66702 54288 49060 22299 36576 56212 75578 66288 36004 90184 11473 12915 55392 39407 76122 95470 272 6660 78150 57540 55063 64610 83175 10169 67542 16928 42141 70798 14690 10911 45452 73060 69942 66065 12610 88100 48833 56427 86829 55243 770 81845 90007 19329 99809 25800 9829 79896 38030 79956 77227 73006 65605 79543 12905 55478 78393 91955 54124 48864 92997 6930 7608 40744 16860 2929 12802 40448 7247 4319 28356 15187 32781 20658 65768 79899 93006 16483 72666 83483 19787 15962 93322 64849 32691 50346 89683 65978 27340 63813 75061 67168 4720 23402 5766 79023 30686 24646 77114 49569 34053 10316 59843 67000 90777 11197 11820 54771 8964 90872 44927 98375 20942 80968 27741 49641 91255 84995 33782 21402 20100 42433 6247 85951 69335 80949 15038 69302 80960 4280 33874 64093 58728 47981 88453 58980 45628 38661 42202 99352 8094 28994 94500 15188 37021 44210 99245 32552 3654 28230 61824 87203 9599 55487 87131 66035 2492 25874 86352 84749 94376 25736 71456 79563 56699 87627 11891 30725 22589 79296 16768 99175 38715 40501 51674 14826 9872 8349 94634 72049 60824 5523 6147 49322 76822 12651 69598 61052 80089 65 37142 23934 92567 88213 68505 94403 44000 50382 19868 68395 54572 18519 12135 21689 65512 97774 27865 47914 67851 99149 50508 49529 50559 78310 96275 50484 13479 74901 529 31713 17255 77999 24550 42616 2098 43222 97691 64861 15590 21590 89172 52097 91150 82338 19591 25275 39999 93781 30084 58909 27772 41082 61768 87043 37629 89766 15407 5525 38823 86163 67610 46877 34277 19294 
440 379
40999 79498 7670 80148 79189 93175 13850 75681 65943 44068 51613 58144 27383 48783 32930 32549 48516 60295 69299 8100 25368 81373 22101 55663 10760 14898 56120 21200 8795 13813 9029 16557 78353 85322 46891 78364 79531 29978 81128 50621 37736 10785 64604 61671 63694 52832 82123 80238 25358 18617 90334 85963 47627 54455 65296 19373 45480 98671 31047 81005 55399 62749 25026 18204 97457 41111 23095 57325 79841 97137 56799 44664 72876 18637 69812 70615 10168 32825 58091 49117 49967 77464 82176 1553 13976 39770 25572 76174 14408 28780 4508 8948 31470 73216 86356 96158 98021 42883 19687 20027 82523 92341 67907 15510 19708 90363 31400 6934 90953 74615 77616 4547 32169 79635 3504 42259 88992 51144 68494 56965 96386 42972 79613 52709 83789 56277 96313 93109 28092 41273 32550 72438 82187 74111 84535 3052 43935 88646 9439 46845 11100 79781 80638 82175 99515 2552 5256 33544 85535 40491 65536 867 93302 45676 23884 80400 7137 37366 36540 44850 49940 72546 2367 65867 45400 17318 39867 52559 15212 28228 77975 20242 20669 39792 66801 55691 39019 19170 99693 14910 22900 30669 31730 19971 46187 95115 30601 47269 89954 87343 89316 79500 88033 46368 24450 55325 34157 66121 7373 74827 33426 57348 23781 13979 92824 63137 31769 10293 44231 20814 18323 15300 79735 70049 32706 38428 20309 46054 21603 58857 70382 47965 50150 238 12838 51171 18614 69614 66311 2213 30384 64178 9134 96411 81688 93872 83059 7964 2183 65982 91013 51269 82007 33137 14829 38337 37121 90802 10099 34680 42287 54327 29729 13075 4169 2436 55979 71272 78986 21003 80499 59590 92578 38552 287 97711 51403 39081 98723 3959 88295 94844 43990 19995 13241 3865 5111 1047 52370 22774 73434 9614 54225 71642 85425 1267 20159 93602 60476 89580 26523 6921 44429 46711 73284 78817 53438 86190 62299 83551 54391 93586 76344 46016 22527 80861 12990 87218 94073 93184 99133 54238 94064 76985 34121 31597 64274 42188 20228 7173 22578 53383 35955 94178 80542 82949 94784 60695 3031 71343 11129 96509 47610 38607 98457 16722 67070 28818 48566 96494 11868 51183 24004 70899 75075 13990 68410 8095 38402 18750 61539 19295 26421 46927 74868 31334 27861 89073 98237 49519 52488 27999 56975 56005 56319 10214 44425 79444 88092 31270 7604 68715 81502 73346 28033 10690 79275 42995 36879 
893 869
47150 75077 43948 74531 39900 2561 4046 76646 52560 73646 12918 53370 61650 47915 62345 68784 30718 87772 10312 52409 74049 46100 39357 63027 95510 86173 99301 36833 21799 868 17118 94964 17580 42151 75067 86071 59259 54293 51976 97534 77953 57570 15732 68019 46774 69240 9505 47671 51426 70369 88622 60258 60140 50419 61631 56876 23956 88997 27610 47 17143 41993 2416 68681 63172 63049 72398 32645 67869 73225 91313 81601 43088 75464 90227 66110 75697 39337 60152 29646 35852 86259 13915 95567 65142 72152 25050 32276 71095 20976 7668 22050 33184 54888 31828 1934 94313 87031 77292 84385 92674 55462 86393 99651 6312 51985 57750 43624 12269 531 20789 32480 49033 30502 34005 56265 10071 28760 28472 82143 64568 95090 38324 54099 65401 3436 3161 65967 46668 81861 11570 99438 92238 41431 71181 19546 8622 20456 39886 86530 50061 76823 94719 64312 96215 45894 83313 3130 70175 99406 132 17624 53961 6142 81474 31834 31354 28625 34440 19049 95044 16014 6331 8239 15059 335 19671 88699 26688 33410 9575 88849 51128 74299 76112 4726 3139 88061 92550 12246 18394 60740 61171 76153 61943 2271 8558 86833 6128 88500 73027 25705 94167 67186 47385 13252 81231 91428 8629 63291 42333 93539 15559 82696 80670 75375 99178 58502 23723 67443 2240 70853 30380 94561 53992 89540 26609 79305 55989 55728 5208 99276 90005 94101 66445 92321 48027 31410 15560 49139 62394 84875 11125 75817 28790 78299 5800 64818 46802 14398 51640 94465 89384 73511 59592 84088 28652 50905 57372 88979 69348 67458 77748 75079 34361 24027 3190 83251 37378 67638 9478 28884 417 40817 32342 52432 69558 68495 9573 66999 78266 35404 86913 29281 51930 80691 80920 86835 2466 98022 77460 81213 40446 59360 86973 87109 22770 65778 80384 77406 38518 77652 62635 93307 59196 42510 41894 6600 99005 27018 3081 77418 19382 37419 45326 55568 40954 7924 39599 65811 57493 28762 52215 2695 60389 87764 29023 65586 38516 72958 26769 88843 94621 56458 65290 91213 80538 56826 41522 5715 50709 99404 23376 63781 45269 55982 64633 77742 25667 24724 8472 28746 1440 13377 50928 30451 4040 24702 82744 8461 73763 74084 50437 3194 90680 33769 80750 54803 28720 42796 88502 72497 54813 43411 4917 95992 81574 22120 81016 59105 49645 45743 7643 26229 87988 96250 84318 26127 4527 70886 81687 4981 57483 89905 73592 84659 35199 19098 15375 97100 49770 54617 85399 44193 55306 86613 65558 17659 94175 37417 36794 91928 87639 74536 95540 51917 40782 59518 39070 57564 52752 51697 40290 16560 52566 85237 6446 80914 47257 42174 58537 15937 76478 4422 31761 90677 23905 29819 90378 63462 3343 78384 20605 3278 13909 49346 25669 83247 83040 63668 96286 53521 73114 22274 31870 71063 60859 78750 31467 81293 72447 26737 59821 89300 55309 16160 13405 24329 31855 33541 92116 47058 44789 61113 49471 93822 80206 83081 37446 47067 59013 65371 81292 16642 83441 46191 34864 36117 55248 84480 55091 25680 47494 75093 20405 37167 96470 23668 66841 71678 22382 80460 81928 68096 54254 37614 25443 32412 561 6043 90225 40414 58567 29361 46581 13085 60584 72456 79146 67340 81547 16434 12049 33325 85842 91539 18454 68328 52723 45394 36071 92411 8176 61104 71114 80731 75441 38614 99714 59290 47554 50066 56050 80889 71510 19913 20365 25973 15027 55042 94275 97435 4920 47297 3910 15238 50122 20046 40977 79420 45639 19332 6916 90714 7879 81887 22371 50089 20538 83083 41204 83932 28914 40599 61793 5480 90616 17968 90285 67421 875 71885 61176 92105 42415 2336 39826 97286 37524 5467 37864 25628 42584 87102 52599 95270 61346 30788 52493 96005 65764 18234 6459 48456 60164 94549 13483 15291 73311 77092 37595 35 99045 80740 78615 46643 29403 83987 46485 60837 82611 70087 35032 69974 92813 81901 97117 10941 52152 11322 80440 21240 76313 75583 25594 88545 68930 40712 7681 90111 81612 70150 79536 59423 52803 24825 34316 19019 45782 94411 22742 43882 23594 50214 97981 45776 33977 94235 21939 98791 35039 34199 3646 92752 49729 42000 13761 87678 15455 67786 82842 34958 22244 43833 45559 75916 45789 49252 44634 11054 77739 84830 93790 80866 83029 2962 37857 2600 48287 13346 14139 84230 41810 75933 73398 5730 70767 71300 39562 87927 91052 80849 28139 61318 71361 78265 18620 22277 67430 16509 25606 78759 84109 53207 27763 40153 77231 25384 40540 8726 78747 73437 94402 71376 27957 44330 8218 84171 25867 63107 77873 48887 68554 73799 42639 68572 86139 11376 15098 58573 82899 63582 88621 27812 58205 35768 38297 51541 60511 4538 42239 65542 1010 15608 47747 51825 78534 62727 37771 23154 77568 26294 57807 30118 67312 55808 10415 49250 2080 95938 88017 73959 60069 33085 54675 9052 11088 40231 51085 70448 18106 37159 78521 99408 3536 73022 52689 67185 28038 80600 84614 12208 48403 22814 10867 62344 87268 35654 90855 57844 8929 9404 51496 49180 63996 63533 52360 31444 66744 53458 22893 78287 19393 71472 182 21126 33575 11926 34893 31681 54695 54581 83887 83906 70096 23250 32954 22712 61517 20973 15248 20629 79853 37527 98290 90390 93636 92058 30034 44095 49895 91216 61819 59279 29492 19727 29805 18481 97070 16577 56168 87527 70670 71805 92829 96048 36573 60371 47540 99056 97917 4932 98834 60155 63595 65467 17617 66889 13674 4242 89019 16364 13721 69851 61562 87360 90522 54157 23940 
243 10
92172 49656 68309 45330 64527 28938 62162 66439 91058 30870 
201 673
35478 30242 31908 83536 17674 2207 80182 33999 28016 59395 77196 78103 85681 77060 78323 14415 5139 30088 69503 8567 29407 8140 25725 69738 10684 18119 91341 62270 99669 51165 12338 50708 13295 76197 36947 69905 47719 78946 3008 75896 8906 19990 48476 58313 1892 99781 79512 4691 37307 37372 64148 95024 75342 69073 87448 36237 45444 99981 91793 40260 57447 47684 55293 78398 75674 41028 99732 41730 87319 12031 90310 11922 18929 82678 74909 85899 98409 21831 24785 19867 52943 25969 53755 74052 57029 42729 98739 89195 83426 37036 15243 34302 44152 96076 82647 72746 34863 34739 51029 64700 9653 56090 56238 1559 96079 56136 7099 11577 37114 83461 35139 73314 25252 63864 93931 98385 53124 99581 67880 72710 64976 13641 82043 93739 8951 24276 537 43065 88648 29374 74911 30322 6967 60618 28874 12154 29185 96092 14242 28175 50262 80505 68184 70500 22683 6279 37883 82971 16704 51999 73890 1037 8623 14312 94724 20486 10544 15185 99517 76065 76283 1806 78321 29952 63153 52777 63745 72019 99652 56607 10879 61555 43818 75633 91433 12859 44599 70981 94563 89225 466 7938 67151 47652 24727 76805 46440 87344 77713 36671 6419 19823 81178 18209 70360 82882 89946 26904 90562 14973 45451 88794 29853 96326 49955 58622 70559 67111 39416 95811 71340 86682 73864 33168 76448 2093 93069 80479 23080 91874 90897 95970 92441 19138 21844 98895 59387 78422 92626 52079 50690 23966 28386 17082 38268 27503 16731 84364 64717 94656 66687 70937 20376 52964 64395 54599 9605 69623 52552 63312 16703 30961 92865 35368 99341 74590 86738 81847 30894 53544 33234 69468 93428 61076 27338 29430 76386 39246 59570 48174 68900 53667 85352 98610 25180 45689 39516 41514 92723 71726 1976 56239 40732 65815 92748 32125 10449 39875 91123 82350 56521 12436 1291 32934 40716 33882 70384 90156 31547 6533 51884 33872 83446 91156 18433 53059 94244 65204 94916 14419 42359 92240 57962 93256 53266 40449 16079 89797 73151 10407 70546 47606 70345 26164 501 6922 43611 11867 69647 9160 99847 99035 69522 31530 62721 72130 90208 69886 61612 6266 18972 47473 17483 95295 90696 13520 86124 49288 31462 31615 29124 71679 66592 8741 59263 77262 12722 8364 17555 12177 55991 67714 98313 58585 84992 50016 10859 7497 32748 60683 68999 71011 50797 87491 27679 82651 95655 87376 19790 57580 45928 1536 70813 8250 4230 25878 60762 4068 492 76535 29077 74872 69060 60579 4259 50367 70048 72488 65950 30492 97133 17723 64698 13047 4648 83588 74483 91075 66193 27714 98281 72228 92688 28758 48451 97976 26949 26307 83626 96505 53817 65554 90472 67308 99695 92574 46893 71717 19330 59481 29227 44264 7870 82142 2965 79052 71683 15384 51996 36838 6745 55636 81273 60643 67384 15969 35864 42541 81127 51205 55082 80712 74193 16892 52718 85992 87476 71262 20636 27416 10896 81375 61713 39130 17707 97886 50857 27193 21127 3086 70962 64012 43224 85007 5955 73659 47310 81487 3996 43120 39882 16273 45124 4762 54887 48348 30477 96325 79984 87973 86945 38949 55253 11005 34733 28085 97187 75338 53783 68850 54427 35921 68009 1784 37898 61260 3370 61356 70210 89884 88713 51971 61120 17387 25462 5575 93716 93422 34389 74 38445 91735 63605 72380 35052 18494 39966 51743 98094 56223 72250 6599 39287 67665 82975 92241 28354 15050 66514 1896 403 85270 88616 64055 72266 34618 28491 90543 32318 96370 1003 52104 41776 64867 65783 60569 31625 69131 74081 50856 96210 38345 44682 39851 47164 31816 40313 49236 11478 41086 13800 27866 9097 31941 33464 82261 33490 62627 92695 26336 51966 58406 59707 69365 51969 39610 92359 85364 80332 32759 26047 77421 38327 43481 75011 26355 62484 90874 99563 27 58862 14334 72706 42012 99650 49807 44375 99869 78871 89017 15720 5279 41625 79507 16500 85176 17612 93748 59577 84468 29453 98434 48064 89401 80680 82275 12392 52099 90907 40544 89254 3632 31006 55423 47625 91290 93215 6193 32079 77187 3147 5447 42389 62450 78241 9852 24495 73756 95249 57743 65381 23519 57906 7183 73328 33808 64953 82087 30683 68980 6551 23269 22441 36278 22615 14369 11960 84382 31464 57654 60091 20424 78662 
645 16
17206 19201 55827 25420 27327 41610 5871 99709 98958 75243 37503 25857 40430 70748 5428 94335 
819 487
95563 28712 36979 7920 90776 95962 31511 34065 83115 18679 37279 65983 95971 64837 46311 6450 93647 50732 61019 63392 55504 60881 94883 46844 29641 62038 93615 942 39971 73943 17605 30469 76589 64613 72989 63299 82981 35430 25393 52924 93675 97742 7161 65701 71107 56172 98640 97845 9418 12472 58082 83028 1195 16536 75490 23498 73896 89499 39987 29994 48239 73742 59487 9938 76986 1914 10396 72851 28983 1650 64468 36885 61569 72249 29294 31214 7851 48193 4405 14356 27261 46322 83564 52585 83527 10026 15140 48222 51370 65551 55873 18616 28695 91972 15039 25367 15286 91060 18651 43925 18220 44773 73928 59072 93238 67669 1788 95081 33980 9655 95380 56920 57880 66854 85200 11169 93390 11534 35072 62437 18124 46190 21098 44591 66284 6476 6833 30329 63691 67175 52576 68933 37886 37326 13912 91701 73202 25612 30387 61981 18564 32782 57806 39668 52562 73021 76178 98825 58449 9382 6835 36906 12700 3697 13168 5403 93157 3920 78092 75776 95767 34775 27968 24253 93148 69754 88162 13642 49500 23290 70029 37940 39482 23589 42848 33045 87028 91346 30528 82551 81936 40507 63717 69030 59660 59041 34823 8288 13983 88027 69469 38597 83914 96629 45036 27396 4711 88257 95146 58387 82965 27837 27873 58152 3337 64517 45391 58415 45292 82362 54055 51612 79568 16355 1490 207 31998 1776 54139 80928 15405 71023 42973 52793 61649 66587 28178 93734 185 37914 26299 94452 94056 25205 73158 34677 6868 85175 46408 53909 14079 21693 76240 64206 8723 15002 68067 68013 65930 63551 82164 40807 80513 10349 32167 68286 5102 25264 87069 71177 46570 28332 47072 47214 29598 18329 20164 97260 89135 20227 83848 65923 95422 92736 81386 49319 87308 43349 8529 13200 91016 40357 86952 76420 4020 69785 85827 31940 65298 38137 67913 34727 60901 88043 72745 15874 44526 8365 72528 99456 99815 48082 54666 12356 96548 28206 82336 50887 23745 63491 55350 99171 79079 65511 2395 51586 70693 95956 93317 58014 77749 61475 90234 30436 17620 78795 13665 94700 42954 77123 3623 45399 48964 70245 5327 31332 64549 87048 63292 94951 51562 21966 60550 18752 78010 32613 69356 51733 44696 52812 4861 59169 41664 26236 74023 49926 48390 26589 15854 49584 15685 89218 16320 12987 74016 20638 56031 92647 55313 59861 35363 43460 12320 7226 78513 68842 83403 82508 31557 98597 78880 20679 9880 6340 48478 63347 35714 14015 74530 79680 10332 60547 79386 71315 18956 35294 77324 38296 44838 59626 87886 95490 4712 45813 36448 13232 64518 47091 52787 38165 97507 7486 60841 70531 43926 1658 72178 7289 65655 94815 1881 62245 12649 41779 22619 29065 25622 3958 1496 21123 7976 80226 44015 1216 48573 1768 6385 83336 4187 19046 71222 31904 85741 83557 95615 60832 93455 89848 74105 36603 28912 62298 85576 67861 60054 30926 63156 4496 56633 40163 6965 77127 33072 72898 80068 66565 41714 59982 83043 98677 4467 41065 32209 19807 70551 53772 12425 58482 75511 62121 34066 6924 44669 31874 6675 64600 55112 
